0 | -625 | -165.55 | Avg_improvment: -165.55 |      0      | 3.43
1 | -625 | -177.1 | Avg_improvment: -171.325 |      0      | 6.12
2 | -625 | -168.55 | Avg_improvment: -170.4 |      0      | 12.13
3 | -625 | -183.1 | Avg_improvment: -173.575 |      0      | 15.25
4 | -625 | -223.15 | Avg_improvment: -183.48999999999998 |      0      | 26.31
5 | -475 | -110.95 | Avg_improvment: -171.39999999999998 |      0      | 34.62
6 | -490 | -44.5 | Avg_improvment: -153.27142857142854 |      1      | 48.48
7 | -40 | 123.8 | Avg_improvment: -118.63749999999999 |      1      | 53.37
8 | -280 | 31.55 | Avg_improvment: -101.94999999999999 |      1      | 52.27
9 | -160 | 87.5 | Avg_improvment: -83.005 |      1      | 52.41
10 | -25 | 164.0 | Avg_improvment: -60.55 |      2      | 70.37
